e  p
1.4708978199999999E-008 3.1000543000000004E-014
3.6940176000000002E-008 1.5172703700000002E-013
9.2784566000000007E-008 7.1847852999999998E-013
2.3304673000000001E-007 3.2875178000000001E-012
5.8567544000000002E-007 1.4468235600000000E-011
1.4708978200000001E-006 6.0876305000000007E-011
3.6959909000000003E-006 2.4409721000000005E-010
4.6530414000000004E-006 3.2815979000000003E-010
9.2843765000000011E-006 8.9568087000000000E-010
1.8523367100000001E-005 2.3916396000000001E-009
3.6959909000000003E-005 6.2790406000000000E-009
7.3761954000000011E-005 1.6252098800000001E-008
1.4718844700000000E-004 4.1676096000000006E-008
1.8533233600000003E-004 5.4542012000000003E-008
2.9382437000000002E-004 1.0166441600000002E-007
4.6569880000000001E-004 1.8906187300000002E-007
5.8626743000000003E-004 2.5771298000000001E-007
7.3821153000000006E-004 3.1434669000000002E-007
9.2942429999999998E-004 4.2820610000000003E-007
1.4730684500000001E-003 7.9385859000000006E-007
2.3363872000000002E-003 1.4705031600000000E-006
3.7038841000000006E-003 2.7231540000000000E-006
4.6629078999999999E-003 3.5341803000000001E-006
5.8666209000000011E-003 4.8069588000000004E-006
7.3939551000000003E-003 6.5414895000000013E-006
9.3060828000000005E-003 8.8936630999999996E-006
1.1723375300000002E-002 1.2096329000000001E-005
1.4758310699999999E-002 1.5790346599999999E-005
1.8584539399999999E-002 2.1252441000000002E-005
2.3403337999999999E-002 2.8889112000000000E-005
2.9481102000000002E-002 3.7137506000000005E-005
3.7117773000000000E-002 5.0496747000000002E-005
4.6747477000000003E-002 6.8651106999999996E-005
5.8843805999999999E-002 9.3317357000000011E-005
7.4156613999999996E-002 1.2688319000000002E-004
9.3337090000000011E-002 1.6208686200000000E-004
0.10344038600000000 1.8049775100000001E-004
0.11756921400000001 2.0542053000000002E-004
0.14809616500000000 2.7922195000000001E-004
0.18651631600000002 3.6308720000000002E-004
0.23502003000000002 4.7043472000000004E-004
0.24113726000000002 4.8720777000000004E-004
0.25021444000000004 4.9253567999999999E-004
0.29323238000000001 5.2134586000000002E-004
0.37078307000000005 5.6791573999999997E-004
0.44675512000000001 6.1369630000000005E-004
0.54561745000000006 6.7585525000000003E-004
0.67092200000000002 7.6011516000000002E-004
0.82523405999999999 8.7318525000000004E-004
1.0125002300000001 1.0223667300000001E-003
1.2352858000000000 1.2171314400000002E-003
1.6435615699999999 1.6177113400000001E-003
2.1508970000000001 2.1883897000000005E-003
2.7665666000000000 2.9777097000000001E-003
3.5045808000000007 4.0452650000000001E-003
4.3767794000000002 5.4601211000000005E-003
5.3910556000000005 7.3031833000000001E-003
6.9894286000000001 1.0578861300000001E-002
8.3924449000000010 1.3787447099999999E-002
141.12232714847406 4.9164656849608983     
150.47687432562805 5.7040033485272321     
158.98699619339592 6.4900726898453183     
166.86763811359293 7.2789335864452740     
174.25627849321333 8.0730314677116954     
181.24727432731137 8.8738562787120880     
187.90879875732637 9.6823513632726446     
194.29207552802390 10.499128593709781     
200.43680289304132 11.324590224135767     
206.37452850811604 12.159001901644373     
212.13084846555219 13.002538378545269     
217.72689529983734 13.855313150644379     
223.18037712095395 14.717398216601595     
228.50632295966452 15.588837545223647     
233.71762983077832 16.469656411623077     
238.82547238918252 17.359867950179698     
243.83961514672546 18.259477790123306     
248.76865418750120 19.168487344617631     
253.62020694361081 20.086896139163354     
258.40106310594041 21.014703445522041     
263.11730602126846 21.951909407430918     
267.77441139461615 22.898515793095001     
272.37732833083328 23.854526469920501     
276.93054648511702 24.819947674211438     
281.43815217896901 25.794788128634476     
285.90387566999675 26.779059047688211     
290.33113126909137 27.772774061704446     
294.72305163175264 28.775949084027896     
299.08251723758366 29.788602130375502     
303.41218196950285 30.810753131201437     
307.71449531449895 31.842423702880172     
311.99172185930308 32.883636930885316     
316.24595842929762 33.934417144362293     
320.47914925148928 34.994789695902583     
324.69309942712556 36.064780748851526     
328.88948695298041 37.144417074806540     
333.06987348973081 38.233725863190998     
337.23571404297235 39.332734544173135     
341.38836569575415 40.441470625706600     
345.52909550969889 41.559961545074792     
349.65908769391075 42.688234535013748     
353.77945012610263 43.826316504234832     
357.89122029820993 44.974233931982781     
361.99537074858597 46.132012776120085     
366.09281403441048 47.299678394110252     
370.18440729084108 48.477255476201833     
374.27095641747582 49.664767990058976     
378.35321992763198 50.862239136050171     
382.43191249166591 52.069691312394006     
386.50770820390710 53.287146090012953     
390.58124358162507 54.514624190841737     
394.65312037460808 55.752145488466923     
398.72390808573670 56.999728988599166     
402.79414638146369 58.257392845731047     
406.86434726414512 59.525154364172607     
410.93499710179822 60.803030011798732     
415.00655850163139 62.091035436423745     
419.07947204280578 63.389185485554805     
423.15415787979379 64.697494229161279     
427.23101722431124 66.015974984463057     
431.31043371714355 67.344640342928358     
435.39277469660192 68.683502198630805     
439.47839237155540 70.032571777682477     
443.56762490616035 71.391859668426903     
447.66079742272979 72.761375852064234     
451.75822292876052 74.141129733438092     
455.86020317368940 75.531130171736109     
459.96702944057347 76.931385510898153     
464.07898327751320 78.341903609547757     
468.19633717328912 79.762691870288876     
472.31935518141705 81.193757268246941     
476.44829349649154 82.635106378736310     
480.58340098636035 84.086745403950701     
484.72491968465897 85.548680198959687     
488.87308524281241 87.020916295715196     
493.02812735180731 88.503458927314014     
497.19027012882668 89.996313050138411     
501.35973247595791 91.499483365307285     
505.53672841186983 93.012974338991143     
509.72146737885384 94.536790221668738     
513.91415452737908 96.070935066376705     
518.11499098000422 97.615412745973188     
522.32417407653668 99.170226969490443     
526.54189760204690 100.73538129761337     
530.76835199931929 102.31087915735657     
535.00372456717400 103.89672385600335     
539.24819964596202 105.49291859436970     
543.50195879151397 107.09946647947578     
547.76518093860363 108.71637053668076     
552.03804255502371 110.34363372137003     
556.32071778719035 111.98125893025438     
560.61337859815626 113.62924901235914     
564.91619489882839 115.28760677977287     
569.22933467310224 116.95633501822375     
573.55296409755715 118.63543649754581     
577.88724765552217 120.32491398189522     
582.23234825072609 122.02477024102660     
586.58842730937454 123.73500805958624     
590.95564488635080 125.45563024855626     
595.33415976459344 127.18663965587965     
599.72412955241737 128.92803917750481     
604.12571077830012 130.67983176869117     
608.53905898336450 132.44202045561497     
612.96432881172245 134.21460834730519     
617.40167409883395 135.99759864793904     
621.85124795797310 137.79099466951703     
626.31320286490200 139.59479984494163     
630.78769074075296 141.40901774150376     
635.27486303318483 143.23365207479594     
639.77487079576451 145.06870672305223     
644.28786476556070 146.91418574191314     
648.81399543889700 148.77009337961792     
653.35341314518462 150.63643409261218     
657.90626811873312 152.51321256155433     
662.47271056846762 154.40043370771883     
667.05289074538064 156.29810270975676     
671.64695900764059 158.20622502081068     
676.25506588315818 160.12480638593789     
680.87736213101664 162.05385286020382     
685.51399879147721 163.99337082489208     
690.16512725380403 165.94336700910299     
694.83089929452387 167.90384850500348     
699.51146712914840 169.87482278726628     
704.20698345836570 171.85629773231756     
708.91760150635378 173.84828163639855     
713.64347505783280 175.85078323436460     
718.38475849058398 177.86381171829794     
723.14160680373982 179.88737675601428     
727.91417564171093 181.92148850942340     
732.70262131354764 183.96615765267515     
737.50710080760155 186.02139539004415     
742.32777180132132 188.08721347349433     
747.16479266604824 190.16362421986227     
752.01832246661615 192.25064052754192     
756.88852095604443 194.34827589303171     
761.77554856383290 196.45654442611669     
766.67956638009196 198.57546086534447     
771.60073613323163 200.70504059231430     
776.53922016222202 202.84529964535335     
781.49518138307303 204.99625473239064     
786.46878324956788 207.15792324298837     
791.46018970815908 209.33032325946206     
796.46956514701685 211.51347356703334     
801.49707433924925 213.70739366296908     
806.54288238028130 215.91210376464355     
811.60715461945097 218.12762481647644     
816.69005658586104 220.35397849569921     
821.79175390856096 222.59118721689595     
826.91241223117152 224.83927413528087     
832.05219712104349 227.09826314866456     
837.21127397309795 229.36817889807236     
842.38980790851542 231.64904676698058     
847.58796366844388 233.94089287913323     
852.80590550292050 236.24374409491367     
858.04379705618931 238.55762800646576     
863.30180124318645 240.88257293026058     
868.58008013075710 243.21860790022083     
873.87879480663344 245.56576265732110     
879.19810524909053 247.92406763863559     
884.53817019270662 250.29355396467128     
889.89914699138239 252.67425342517825     
895.28119147894813 255.06619846344273     
900.68445782781816 257.46942215908422     
906.10909840602176 259.88395820936972     
911.55526363308832 262.30984090907884     
917.02310183518296 264.74710512894109     
922.51275909993467 267.19578629268909     
928.02437913146684 269.65592035277638     
933.55810310613890 272.12754376481791     
939.11406952908601 274.61069346073964     
944.69241409183815 277.10540682064448     
950.29326953420707 279.61172164399989     
955.91676550589898 282.12967611924370     
961.56302843337085 284.65930879284662     
967.23218138600373 287.20065853672321     
972.92434395396003 289.75376451626067     
978.63963212239457 292.31866615615513     
984.37815815455417 294.89540310637636     
990.14003047926235 297.48401520744403     
995.92535358305452 300.08454245504129     
1001.7342279125851 302.69702496526088     
1007.5667497750417 305.32150293775265     
1013.4230112533792 307.95801662050792     
1019.3031001245273 310.60660627374517     
1025.2070997856360 313.26731213401121     
1031.1350891878492 315.94017437845662     
1037.0871427777722 318.62523308936011     
1043.0633304469088 321.32252821902148     
1049.0637174891269 324.03209955510727     
1055.0883645663660 326.75398668655043     
1061.1373276826089 329.48822897009455     
1067.2106581662158 332.23486549756564     
1073.3084026606257 334.99393506396808     
1079.4306031234239 337.76547613647568     
1085.5772968337099 340.54952682439261     
1091.7485164077198 343.34612485016703     
1097.9442898225775 346.15530752150823     
1104.1646404480300 348.97711170468597     
1110.4095870859985 351.81157379904420     
1116.6791440177963 354.65872971280947     
1122.9733210587028 357.51861484020435     
1129.2921236197080 360.39126403992617     
1135.6355527761823 363.27671161501900     
1142.0036053430867 366.17499129415478     
1148.3962739565554 369.08613621436490     
1154.8135471613800 372.01017890520535     
1161.2554095041878 374.94715127440020     
1167.7218416318365 377.89708459492886     
1174.2128203947284 380.86000949357970     
1180.7283189546974 383.83595594095146     
1187.2683068972210 386.82495324298259     
1193.8327503466714 389.82703003345216     
1200.4216120867382 392.84221426879463     
1207.0348516819827 395.87053322337016     
1213.6724256031034 398.91201348653868     
1220.3342873543015 401.96668096094646     
1227.0203876025787 405.03456086203596     
1233.7306743085765 408.11567771905169     
1240.4650928588692 411.21005537670379     
1247.2235861989172 414.31771699852766     
1254.0060949667875 417.43868507107209     
1260.8125576270593 420.57298140918351     
1267.6429106047908 423.72062716225412     
1274.4970884190677 426.88164282168623     
1281.3750238161792 430.05604822876688     
1288.2766479017935 433.24386258385778     
1295.2018902721807 436.44510445618033     
1302.1506791441448 439.65979179439159     
1309.1229414834543 442.88794193786555     
1316.1186031316593 446.12957162862460     
1323.1375889310457 449.38469702388790     
1330.1798228476268 452.65333370916318     
1337.2452280920022 455.93549671186167     
1344.3337272379888 459.23120051537461     
1351.4452423389052 462.54045907356948     
1358.5796950414310 465.86328582567603     
1365.7370066969422 469.19969371149750     
1372.9170984702923 472.54969518693633     
1380.1198914459819 475.91330223977349     
1387.3453067316780 479.29052640568148     
1394.5932655590814 482.68137878443474     
1401.8636893821104 486.08587005627481     
1409.1564999724146 489.50401049842094     
1416.4716195122598 492.93581000168109     
1423.8089706847627 496.38127808714728     
1431.1684767615675 499.84042392295277     
1438.5500616879597 503.31325634106003     
1445.9536501654934 506.79978385407594     
1453.3791677322236 510.30001467206205     
1460.8265408405605 513.81395671933331     
1468.2956969328454 517.34161765122644     
1475.7865645147772 520.88300487083166     
1483.2990732267151 524.43812554568046     
1490.8331539129977 528.00698662436230     
1498.3887386893641 531.58959485309629     
1505.9657610085887 535.18595679221903     
1513.5641557244883 538.79607883261497     
1521.1838591543296 542.41996721207215     
1528.8248091398441 546.05762803155756     
1536.4869451069487 549.70906727144552     
1544.1702081243152 553.37429080765469     
1551.8745409608948 557.05330442775244     
1559.5998881425905 560.74611384698392     
1567.3461960081891 564.45272472427393     
1575.1134127647135 568.17314267818631     
1582.9014885423480 571.90737330285981     
1590.7103754491159 575.65542218393819     
1598.5400276254377 579.41729491450678     
1606.3904012987898 583.19299711103690     
1614.2614548385968 586.98253442938540     
1622.1531488115543 590.78591258083804     
1630.0654460376115 594.60313734824194     
1637.9983116467179 598.43421460222282     
1645.9517131366392 602.27915031754515     
1653.9256204319968 606.13795058961227     
1661.9200059447714 610.01062165114377     
1669.9348446364827 613.89716988907003     
1677.9701140823277 617.79760186166163     
1686.0257945375183 621.71192431593886     
1694.1018690060464 625.64014420539252     
1702.1983233120475 629.58226870798842     
1710.3151461751058 633.53830524489945     
1718.4523292871897 637.50826149903833     
1726.6098673950016 641.49214543470873     
1734.7877583855854 645.48996531749094     
1742.9860033765697 649.50172973479380     
1751.2046068113036 653.52744761706401     
1759.4435765593566 657.56712825973477     
1767.7029240228474 661.62078134596845     
1775.9826642491296 665.68841697028438     
1784.2828160504291 669.77004566314793     
1792.6034021310586 673.86567841662634     
1800.9444492228251 677.97532671118972     
1809.3059882294851 682.09900254378840     
1817.6880543809402 686.23671845732099     
1826.0906873981576 690.38848757161588     
1834.5139316697257 694.55432361606995     
1842.9578364411975 698.73424096413578     
1851.4224560183029 702.92825466976603     